1 -0.0197782 -0.0491329 0.0293546 -0.0118299
2 -0.0504054 -0.101717 0.0513116 -0.0188777
3 -0.0274192 -0.100144 0.0727249 -0.0285049
4 0.00934525 -0.0914893 0.100835 -0.0390475
5 0.0116812 -0.0880673 0.0997485 -0.0300627
6 -0.066688 -0.151456 0.084768 -0.0238168
7 -0.0187119 -0.211244 0.192532 -0.0909151
8 0.017113 -0.239717 0.25683 -0.0974215
9 -0.127766 -0.221792 0.0940257 0.0194568
10 -0.200731 -0.21042 0.00968871 0.0212079
11 -0.216617 -0.236619 0.0200017 -0.010301
12 -0.195154 -0.255244 0.0600898 -0.03132
13 -0.150958 -0.245644 0.094686 -0.040146
14 -0.223796 -0.201847 -0.0219487 0.0402356
15 -0.237125 -0.142874 -0.0942517 0.0487212
16 -0.207593 -0.0782379 -0.129355 0.048222
17 -0.160667 -0.0139647 -0.146702 0.0482456
18 -0.103738 0.0444686 -0.148207 0.0440926
19 -0.0476764 0.104377 -0.152053 0.0461011
20 -0.00598178 0.145583 -0.151565 0.0448057
21 0.0253273 0.171206 -0.145879 0.0416864
22 0.0441021 0.186106 -0.142004 0.0412093
23 0.0520459 0.192588 -0.140542 0.0416353
24 0.0516123 0.189404 -0.137792 0.0405611
25 0.0464836 0.176166 -0.129682 0.0366503
26 0.0384792 0.180469 -0.14199 0.0466098
27 0.0299413 0.215565 -0.185624 0.0692838
28 0.0219643 0.258548 -0.236583 0.0870056
29 0.016296 0.280697 -0.264401 0.8
30 0.183566 0.143162 0.0404036 -0.10286
31 0.260355 -0.254005 0.51436 -0.296307
32 0.277189 -0.431018 0.708207 -0.271136
33 0.252688 -0.398415 0.651103 -0.179371
34 0.202384 -0.438193 0.640576 -0.190827
35 0.147182 -0.45726 0.604442 -0.172909
36 0.212589 -0.414953 0.627542 -0.198236
37 0.229313 -0.40644 0.635754 -0.196869
38 0.207701 -0.361632 0.569332 -0.155122
39 0.169363 -0.306015 0.475377 -0.119151
40 0.121248 -0.244347 0.365595 -0.0818337
41 0.0748598 -0.174686 0.249546 -0.0453885
42 0.0350135 -0.103245 0.138259 -0.013569
43 0.00860462 -0.0326618 0.0412664 0.0111987
44 -0.0085082 0.0299696 -0.0384778 0.8
45 -0.0161983 0.011746 -0.0279444 -0.000267753
46 -0.0165043 -0.15974 0.143236 -0.099959
47 -0.0125219 -0.236193 0.223671 -0.0970898
48 -0.00587279 -0.249036 0.243163 -0.0848978
49 0.00138314 -0.261383 0.262766 -0.0910747
50 0.00833314 -0.284299 0.292633 -0.103406
51 0.0133921 -0.249335 0.262727 -0.0767659
52 0.0169436 -0.232145 0.249088 -0.0778032
53 0.0190096 -0.193802 0.212812 0.8
54 0.0189998 -0.212669 0.231669 -0.0825575
55 0.0191523 -0.365794 0.384946 -0.169252
56 0.0186719 -0.399702 0.418374 -0.143744
57 0.102231 -0.381342 0.483573 -0.173318
58 0.144252 -0.366121 0.510374 -0.170349
59 0.152085 -0.353715 0.505801 -0.160071
60 0.13794 -0.306819 0.444759 0.8
61 0.111251 -0.372655 0.483906 -0.167103
62 0.0787119 -0.560154 0.638866 -0.248973
63 0.0509033 -0.628125 0.679029 -0.227262
64 -0.057568 -0.626058 0.56849 -0.149459
65 -0.118328 -0.623404 0.505076 -0.145077
66 -0.136796 -0.620705 0.483909 -0.151885
67 -0.127804 -0.559104 0.431301 0.8
68 -0.101679 -0.5693 0.467621 -0.164712
69 -0.0663757 -0.69702 0.630644 -0.252261
70 -0.0346092 -0.710722 0.676113 -0.231311
71 -0.00583924 -0.661419 0.65558 -0.206007
72 0.0156679 -0.601224 0.616892 -0.18957
73 0.0298559 -0.541027 0.570883 0.8
74 0.0363114 -0.509477 0.545789 -0.172863
75 0.0376459 -0.570056 0.607701 -0.218147
76 0.0352746 -0.553038 0.588312 -0.188528
77 0.0305601 -0.489833 0.520393 -0.154114
78 0.025843 -0.413932 0.439775 -0.126558
79 0.0208216 -0.336101 0.356923 0.8
80 0.0168331 -0.318365 0.335198 -0.113188
81 0.0139889 -0.390288 0.404277 -0.161557
82 0.0123044 -0.392851 0.405156 -0.141766
83 0.0122791 -0.351649 0.363928 -0.11713
84 0.0123004 -0.312598 0.324898 0.8
85 0.0123371 0.0123371 0 0.0771497
86 0.0127735 -0.252754 0.265528 -0.179902
87 0.0132568 -0.236295 0.249552 -0.0909074
88 0.0124002 -0.221907 0.234308 -0.0867882
89 0.0135064 -0.209409 0.222916 -0.0866808
90 0.0135555 -0.197227 0.210783 -0.0813206
91 0.0135196 -0.188534 0.202054 -0.0799254
92 0.0137024 -0.179053 0.192755 0.8
93 0.0135046 -0.177852 0.191357 -0.0791068
94 0.0135046 -0.217752 0.231257 -0.8
95 0.0135046 -0.231171 0.244675 -0.0997919
96 0.0135046 0.0135046 0 0.8
97 0.0134454 0.0134454 0 -nan
