1 1.90539 0.535304 0
2 -2.83501 0 0.818975
3 -1.30597 0 0.124549
4 -1.67919 0 0.3911
5 -1.48912 0 0.298243
6 -1.38036 0 0.292822
7 -1.4562 0 0.322469
8 -1.39785 0 0.298778
9 -1.42597 0 0.314473
10 -1.41125 0 0.308658
11 -1.35035 0 0.293209
12 -1.44013 0 0.327676
13 -1.34642 0 0.29193
14 -1.39857 0 0.318345
15 -1.38068 0 0.309142
16 -1.34464 0 0.301465
17 -1.38028 0 0.317141
18 -1.33223 0 0.300493
19 -1.3663 0 0.316887
20 -1.33642 0 0.305851
21 -1.39021 0 0.326368
22 -1.28986 0 0.292174
23 -1.37879 0 0.330264
24 -1.37 0 0.320106
25 -1.28202 0 0.295872
26 -1.34773 0 0.325731
27 -1.34461 0 0.31957
28 -1.24456 0 0.291111
29 -1.35024 0 1
30 -0.477446 0 0.0608906
31 0.167994 0.0456297 0
32 -1.4037 0 0.491826
33 -1.37824 0 0.328398
34 -0.913517 0 0.192439
35 -1.60943 0 0.449296
36 -1.1348 0 0.238449
37 -1.23893 0 0.31839
38 -1.45122 0 0.373116
39 -1.151 0 0.262971
40 -1.31184 0 0.342556
41 -1.31437 0 0.328547
42 -1.22688 0 0.303274
43 -1.23457 0 0.315564
44 -1.27424 0 1
45 -0.496509 0 0.0899061
46 -0.145349 0 0.0624771
47 -1.14968 0 0.400042
48 -1.74537 0 0.480063
49 -0.666705 0 0.0975591
50 -1.50103 0 0.457226
51 -1.43395 0 0.355102
52 -0.899196 0 0.202283
53 -1.40463 0 1
54 -0.488813 0 0.0825886
55 -0.413505 0 0.151992
56 -1.18069 0 0.39086
57 -1.81783 0 0.5071
58 -0.615872 0 0.0834146
59 -1.31232 0 0.413856
60 -1.51389 0 1
61 -0.638018 0 0.122403
62 -0.324465 0 0.116248
63 -1.14545 0 0.395045
64 -1.7589 0 0.49874
65 -0.617819 0 0.0956885
66 -1.29771 0 0.415062
67 -1.45443 0 1
68 -0.598936 0 0.122367
69 -0.165051 0 0.0779163
70 -1.15829 0 0.420435
71 -1.77705 0 0.508516
72 -0.657883 0 0.111548
73 -1.35416 0 1
74 -0.480309 0 0.101045
75 -0.178061 0 0.0979336
76 -1.1267 0 0.413876
77 -1.71912 0 0.49846
78 -0.943807 0 0.207566
79 -1.08715 0 1
80 -0.471518 0 0.129547
81 -0.114232 0 0.0840393
82 -1.13779 0 0.427973
83 -0.851074 0 0.240454
84 0.170077 1 0
85 -0.999873 0 0.41688
86 -0.641949 0 0.19315
87 -0.463478 0 0.175864
88 -0.725274 0 0.272975
89 -0.398886 0 0.165996
90 -0.753585 0 0.289479
91 -0.494967 0 0.176919
92 -0.642711 0 1
93 0.266351 0.0406554 0
94 2.87387 1 0
95 1.74996 0.135831 0
96 0.00155359 0 1
97 -2.99982 0 1
